-0.5975619128 -0.5695103417 -0.8548675824 -0.2365978338 -0.0629283005 -0.9298542660 0.4711902232 
0.0043975645 0.0060548001 -0.0023951546 -0.0014821753 0.0024196171 -0.0002520620 -0.0021892853 
-0.0027031550 -0.0036412923 0.0014818157 0.0009560226 -0.0014646407 0.0001916810 0.0014126359 
-0.4495979867 -0.2335238352 -0.9271854487 -0.2120795680 0.0525158764 -0.8703640086 0.5039689942 
10
0.3732000000 -0.2642700000 0.3444100000 0.2215450000 0.0000000000 0.0000000000 0.0000000000 0.1315050000 0.0000000000 0.0000000000 0.0000000000 0.1390650000 
0.5613700000 0.2165700000 0.3777300000 0.2347650000 0.0000000000 0.0000000000 0.0000000000 0.1917050000 0.0000000000 0.0000000000 0.0000000000 0.2237700000 
0.2424400000 -0.5330000000 0.5209700000 0.0588700000 0.0000000000 0.0000000000 0.0000000000 0.0570900000 0.0000000000 0.0000000000 0.0000000000 0.0601500000 
0.0257490000 0.3751600000 0.4528500000 0.0665300000 0.0000000000 0.0000000000 0.0000000000 0.0073825000 0.0000000000 0.0000000000 0.0000000000 0.1405400000 
0.2015000000 0.3599300000 0.5187700000 0.0175265000 0.0000000000 0.0000000000 0.0000000000 0.0801150000 0.0000000000 0.0000000000 0.0000000000 0.0763350000 
0.0311810000 0.5383800000 0.3778700000 0.0054095000 0.0000000000 0.0000000000 0.0000000000 0.0231450000 0.0000000000 0.0000000000 0.0000000000 0.1316500000 
0.4536200000 -0.5626000000 0.4397000000 0.0095785000 0.0000000000 0.0000000000 0.0000000000 0.0051100000 0.0000000000 0.0000000000 0.0000000000 0.2499750000 
0.3040700000 -0.6002200000 0.2940400000 0.0325615000 0.0000000000 0.0000000000 0.0000000000 0.0650300000 0.0000000000 0.0000000000 0.0000000000 0.0765850000 
0.4497500000 0.5623800000 0.3871700000 0.1009650000 0.0000000000 0.0000000000 0.0000000000 0.0498695000 0.0000000000 0.0000000000 0.0000000000 0.2266100000 
-0.1699100000 0.5756800000 0.3194000000 0.1036000000 0.0000000000 0.0000000000 0.0000000000 0.0292500000 0.0000000000 0.0000000000 0.0000000000 0.1459700000 
