156253 1713 0.101747
109391 86212 0.0932421
62547 11361 0.113955
437510 354993 0.0742346
281276 23225 0.112133
140679 133993 0.110596
375022 12385 0.0936175
156311 3851 0.0894974
4563 923 0.072904
218813 145352 0.112189
375043 208995 0.0724586
218822 208280 0.110986
312551 300852 0.110653
234449 62711 0.111181
265686 32511 0.0935577
47255 32764 0.0921634
468789 45053 0.0990411
31844 23632 0.0817321
406302 215823 0.10604
203228 11691 0.105122
484425 68634 0.104227
172027 168060 0.104808
421941 197982 0.0898874
390696 214387 0.0502712
125240 3040 0.0796586
140868 103516 0.113519
17687 14756 0.0811108
343863 308385 0.0854366
218928 27989 0.0868265
297010 100799 0.063822
250172 127793 0.0890083
343878 55954 0.100885
312637 285891 0.0962602
47784 17802 0.0673063
406359 106230 0.104035
406359 177142 0.110096
250180 141840 0.0790044
328271 26611 0.1144
281426 1831 0.0901711
343900 165373 0.0779819
281437 204200 0.107078
172169 83546 0.098602
297065 243416 0.0678545
33095 11762 0.0972306
484498 270940 0.0933245
422020 199265 0.0936227
484506 411771 0.0811894
359545 57278 0.0743452
94426 63661 0.114058
172223 170506 0.0986372
19469 6604 0.106507
94475 10752 0.110319
187884 17602 0.0734491
265886 71004 0.0965506
281504 29268 0.107413
219078 4963 0.0498701
125568 24979 0.104387
234693 145152 0.114793
203459 49339 0.0927909
390814 283280 0.10244
297137 295697 0.0717778
250320 237842 0.112146
234713 30268 0.0929482
406447 377699 0.0989667
63740 33816 0.081873
187950 84179 0.100419
437696 158613 0.114827
422080 158023 0.10597
125684 14131 0.113762
250373 62577 0.106582
375249 95886 0.101772
484571 308283 0.0854806
234776 22056 0.101363
375253 97708 0.10747
20928 1176 0.106838
359638 136564 0.114063
328416 126400 0.0853394
250403 34984 0.0775302
34351 15062 0.0944006
484589 380180 0.0653009
437736 417262 0.108097
79384 46778 0.0538741
406505 303041 0.0919236
203614 183585 0.083965
266011 142733 0.102258
266017 183231 0.113612
156953 38000 0.0918699
219261 48782 0.0978836
141444 95999 0.102642
375313 354182 0.107989
188137 84436 0.115189
422156 347485 0.0933064
49363 35303 0.112617
34890 13628 0.104569
328488 214977 0.0732415
359710 354825 0.108043
49433 14398 0.0740568
64492 33968 0.109703
266086 121486 0.0990336
188198 58401 0.107643
188208 20958 0.0737762
250537 192276 0.108215
234946 21764 0.109557
64643 47446 0.111377
234961 164575 0.111897
453435 145078 0.111496
422203 360688 0.0881752
188260 120384 0.114958
219384 32105 0.107424
344164 67428 0.085656
110657 68961 0.113842
266141 39191 0.0721937
297370 150115 0.0305907
469046 299914 0.0778908
266166 103153 0.0992165
422226 364374 0.106746
110731 108915 0.065711
79997 49827 0.107113
281779 209651 0.108428
484696 215020 0.08543
406623 378908 0.112231
80080 46647 0.0998369
203886 133101 0.109162
219479 83549 0.0960356
328613 304966 0.106139
453502 323016 0.112118
141839 4147 0.0408973
24292 3649 0.107388
328637 27205 0.113796
250700 230655 0.114007
36436 8827 0.0774901
422290 327954 0.0826033
235130 171011 0.0918268
328660 144226 0.103744
484753 54076 0.110848
65345 1969 0.0945916
250748 235116 0.0638566
281897 64543 0.114747
313100 176986 0.10839
484774 329341 0.106145
157482 15012 0.0942876
80504 56857 0.0795608
172985 41321 0.114265
142017 11007 0.0788665
297535 60616 0.100775
204051 47116 0.0933541
266344 169911 0.100231
95896 71034 0.0882458
453569 298297 0.0624532
50940 47477 0.113038
469155 101937 0.102739
80572 80535 0.113302
111180 40989 0.0722865
173026 171369 0.088224
173027 31233 0.113512
95981 92905 0.112349
281985 232863 0.0840478
484815 354152 0.0938248
188641 163617 0.0877861
142146 79489 0.0832132
266408 213501 0.0737358
297605 92632 0.077678
157633 142677 0.100353
344388 289362 0.0969634
438004 3777 0.0843844
406783 313050 0.113297
484833 375089 0.100961
406785 328065 0.105655
173164 47524 0.106217
37841 13230 0.0803059
188727 82229 0.0928486
406812 346953 0.108608
157715 92312 0.0758752
406817 212340 0.0574163
453643 163933 0.105953
391224 311252 0.0892178
375638 24240 0.0593149
81061 58285 0.107286
469240 183442 0.0902061
453662 201762 0.0994453
406840 125238 0.0953074
173271 149340 0.11198
282128 74916 0.0963286
111617 107571 0.111586
375677 65946 0.0992775
157868 87505 0.0950689
188866 23374 0.103904
188866 109074 0.0804089
66459 7171 0.0882082
484910 354489 0.0726569
142465 98364 0.0913627
173383 48535 0.113512
422497 232049 0.110473
375712 74065 0.0793398
188936 87479 0.0760834
28065 10775 0.0967788
219966 39351 0.113867
469314 46114 0.0905147
39064 25783 0.104532
251104 146503 0.0653899
235562 124191 0.0807435
344576 40144 0.0955637
204477 88201 0.10001
127251 19631 0.105181
453760 343339 0.0996241
173529 128277 0.0985814
484975 211955 0.110834
484977 417977 0.0930281
329003 112247 0.0936617
189064 76290 0.102284
235624 144088 0.109815
235631 37884 0.0993899
422569 201096 0.100759
96923 24391 0.0964438
438176 309810 0.109246
251192 178911 0.0709044
52904 46519 0.0651442
344635 279495 0.108956
235667 37393 0.0978422
158184 93594 0.0827343
127423 96944 0.0849946
329069 17362 0.112694
360240 5925 0.0666625
375845 254564 0.0231324
67362 33760 0.0938383
127508 27384 0.10042
313513 167464 0.0931484
235736 63160 0.108925
329088 303729 0.0888582
282415 105091 0.108124
173711 36313 0.0628741
329093 267169 0.101044
282433 77620 0.107831
375882 145090 0.109264
329119 127909 0.109949
30184 12502 0.110005
158357 107473 0.105933
142963 26226 0.0822433
235793 195889 0.0826274
53517 36766 0.114174
143019 6543 0.113084
158409 137580 0.071428
438277 332133 0.115303
251363 90539 0.0787132
143025 116082 0.111523
173827 20593 0.114417
82308 48015 0.0842384
67753 17435 0.106391
391492 350479 0.108842
298037 18504 0.110211
298037 133846 0.0433829
391499 85808 0.0819611
143097 68666 0.0617342
30832 11931 0.112346
469482 375579 0.11031
41062 19140 0.101419
220340 213078 0.114466
266944 154560 0.103502
298080 30800 0.109707
391533 117621 0.101141
375963 208561 0.110294
469498 142670 0.103164
422729 110252 0.110125
391542 381713 0.0410792
313662 293716 0.0634607
422745 339033 0.0785332
251490 65187 0.0887839
112711 110018 0.0866067
344839 297986 0.101093
375999 115798 0.0961345
453955 412593 0.0980342
220432 96221 0.0789571
298146 44110 0.0853136
453967 354959 0.0998463
469542 192495 0.104432
189538 146278 0.10396
97923 70735 0.114076
54471 26035 0.10403
97943 4519 0.0935534
112846 103673 0.103393
128073 116008 0.110673
189581 151079 0.0908062
329301 4472 0.0946709
376065 13058 0.0868652
454019 364436 0.08213
469594 59783 0.102603
42266 17908 0.0745866
251690 146330 0.0501953
407262 164763 0.101838
189710 105274 0.101969
98259 61071 0.091346
407275 158855 0.0896195
174277 43225 0.111499
360537 257047 0.10509
189780 159058 0.0770377
98425 25779 0.101068
345021 133070 0.106812
454091 305085 0.10857
83489 50821 0.0718677
438506 27369 0.108542
43126 32846 0.106591
298365 114474 0.110742
69239 42395 0.06932
360611 61118 0.110489
174424 156627 0.108485
485297 112484 0.0997144
83599 75327 0.0890367
329476 86084 0.074514
313929 196165 0.107867
360628 132754 0.0933612
113406 32283 0.0950175
113433 1132 0.106703
251901 82737 0.110936
422946 30411 0.108055
407357 236974 0.10109
55759 7279 0.0764502
407364 58050 0.107716
98692 21385 0.0860632
282933 58441 0.0752467
236335 36490 0.10308
391826 192745 0.101335
376230 372474 0.0804916
128623 97451 0.0907252
143861 140036 0.0840595
236342 101291 0.110772
407377 85404 0.108401
376237 95724 0.109631
267341 70756 0.102427
438562 403314 0.0578998
205378 116174 0.109378
128697 64221 0.0840004
251981 172982 0.0880219
298460 77408 0.106243
298487 51677 0.108501
407419 294 0.0828928
236421 217067 0.0822593
391883 144474 0.107247
267415 17296 0.0708586
113712 10102 0.0947461
144027 77351 0.0992985
220926 169606 0.0868853
376302 230153 0.106683
314053 93180 0.0897599
84182 66169 0.0817877
469795 440758 0.103899
220970 141197 0.0731072
113844 111016 0.112477
56566 56395 0.0936186
376342 178913 0.0794938
314109 280149 0.0640762
329653 322610 0.0685299
56699 10036 0.105027
407494 242045 0.0684532
360827 285074 0.0624013
407501 10650 0.11205
99257 19156 0.113122
159528 112299 0.115025
391982 260254 0.0901186
360861 312476 0.0875055
485482 23456 0.104839
454286 12787 0.0934952
345289 9629 0.104501
376407 152207 0.0897176
144322 26597 0.11226
84569 62497 0.104017
391999 384514 0.0918411
485491 443932 0.0770574
329721 288421 0.0957725
438719 151068 0.11055
174935 164939 0.105261
99470 61289 0.0846683
360905 6638 0.107441
267613 233243 0.112823
485513 356422 0.111611
129247 16666 0.114848
129250 14739 0.0989665
252290 41293 0.100926
57346 15422 0.11108
190422 101282 0.100776
221187 158667 0.105587
345344 242497 0.0963183
438750 351518 0.0702134
175010 54854 0.105104
469937 140240 0.107114
114297 81477 0.0805771
345365 102747 0.0917222
438765 367236 0.0742239
423182 123475 0.0974128
175057 131127 0.0927293
314272 236984 0.0398465
45735 7213 0.0923515
84962 61380 0.114607
376504 127942 0.08567
407626 92223 0.112427
298772 10673 0.100765
392094 43087 0.0923529
70976 24817 0.106427
283359 174017 0.110825
485589 31055 0.0868109
205906 7398 0.0963786
205906 145961 0.112496
485595 267025 0.100554
407662 214332 0.071678
175186 67535 0.113697
376546 76071 0.109829
267785 254261 0.0858892
376560 23576 0.0776701
190630 190448 0.100884
252468 83575 0.114595
114601 19641 0.0809613
485618 204973 0.113823
190652 64492 0.0919502
485640 28414 0.108062
190688 186871 0.0670582
361073 105906 0.0883051
100148 89153 0.0880895
438876 54057 0.112884
206051 188687 0.111019
376611 249310 0.0892441
454481 412162 0.110566
454483 181311 0.0930914
144883 26544 0.103029
329966 281398 0.0983586
114808 29600 0.109252
160120 24007 0.0650721
252565 99814 0.101476
298937 266892 0.0926052
100277 83109 0.105542
345552 36177 0.10775
85620 47491 0.112458
392230 4729 0.0970139
144972 118341 0.113005
129848 66324 0.0769901
206134 60959 0.106244
114940 110416 0.0683416
485726 48539 0.0908835
361160 84904 0.107161
190879 185052 0.0656755
267980 18810 0.111564
283602 23039 0.06994
221585 41692 0.107637
299014 174361 0.0613442
100566 763 0.0668332
345663 73470 0.104664
160339 142988 0.091546
314559 113840 0.0893304
130062 102188 0.112515
115172 30979 0.0372719
175593 27823 0.10957
100638 71918 0.102136
160372 151067 0.0702208
72210 46565 0.0888248
72229 70431 0.106755
299075 172620 0.0695477
86132 53244 0.101009
145267 52766 0.105123
115338 78469 0.0879373
345726 145625 0.0906312
470247 412699 0.0910862
314621 281394 0.0978432
59433 51504 0.1093
160474 82976 0.0719592
485826 476337 0.106507
470260 188505 0.106944
86256 31201 0.0804903
160512 101908 0.110357
206404 121338 0.0965939
345761 301677 0.111859
485847 366409 0.101038
72585 56644 0.0491532
423481 236275 0.0581141
330191 30350 0.112137
191144 154339 0.0495688
330193 18769 0.104099
470296 49942 0.101578
314684 190849 0.114243
423492 257325 0.105243
454672 357646 0.0716155
101051 21078 0.10136
221839 147501 0.102921
115628 83404 0.103208
115633 13974 0.115267
376852 28115 0.0804614
115646 94864 0.0822407
86537 73356 0.0652666
439097 38222 0.111563
345839 277676 0.105129
330243 91125 0.100598
268230 96388 0.0855261
221888 126889 0.100182
175894 48951 0.112472
237414 14592 0.0892378
485929 288351 0.113471
145597 29141 0.0916432
221925 132770 0.0963011
299270 269025 0.103929
330284 74653 0.112566
376911 88801 0.100637
345893 84981 0.102847
439141 350133 0.113933
423575 189524 0.0968535
376927 326178 0.0848458
253016 71976 0.078847
253016 93397 0.0877283
439156 390547 0.0920884
268321 231850 0.105479
376939 2394 0.108066
130705 66989 0.110898
314835 12635 0.0889976
130722 7258 0.114622
160893 146702 0.076185
299348 12220 0.107106
206694 61331 0.099175
376970 97622 0.0724289
376976 87361 0.102971
87047 10843 0.11153
314881 80820 0.0659246
423637 305808 0.0978074
439212 53162 0.0648934
60808 52702 0.102622
408086 244473 0.110903
206757 17788 0.112357
206761 203706 0.0804968
206778 91311 0.0578271
470493 218562 0.103168
60991 20230 0.110745
87284 60767 0.101445
161052 136211 0.0914371
284088 170121 0.105394
237658 135848 0.113014
392610 4867 0.107394
116276 61993 0.10846
423683 268990 0.0901766
423684 301152 0.0794668
222186 154453 0.111277
408134 297170 0.0910772
61165 26687 0.0552486
176272 74961 0.10078
361637 317661 0.0717513
131037 89644 0.110089
299480 176864 0.104141
116353 105771 0.0940695
161149 14738 0.103302
486116 181032 0.0925128
61298 8802 0.0919611
73936 64784 0.113571
161185 82613 0.0876981
268542 36993 0.0664224
101987 92542 0.0978242
116421 46907 0.0812246
486134 433528 0.102351
237754 225341 0.106082
408175 167099 0.102152
284209 86856 0.097179
423732 76429 0.111468
102071 90316 0.112345
284230 258022 0.101357
116493 49633 0.111777
131191 120606 0.057114
176401 50352 0.0891491
454906 125719 0.104198
131236 73941 0.106759
191734 54767 0.114249
61606 25988 0.113621
253310 35285 0.0751799
408205 392805 0.102878
377147 171534 0.110163
222319 95215 0.0996474
423761 115848 0.0978142
87750 13262 0.0756521
315054 124066 0.0788154
423771 246333 0.0886742
87804 41105 0.0928511
315070 9695 0.113515
439346 242275 0.106046
102228 45507 0.112814
74338 45330 0.109515
161354 66611 0.0926317
61843 94 0.0969594
330599 11923 0.0847782
191851 104974 0.0990929
191855 2153 0.0861463
315114 2089 0.0954039
377211 48719 0.0879291
408266 243959 0.104384
116778 8622 0.109223
361793 256536 0.0984806
62084 49832 0.102282
470643 193584 0.0706388
470645 212361 0.0585153
222453 41838 0.0927469
454978 355834 0.109435
486269 337079 0.103576
486269 444683 0.108051
74671 32796 0.0953284
486271 1764 0.0907393
439408 420253 0.0682
423843 174994 0.106646
346236 43880 0.106214
146469 128794 0.107816
439414 235078 0.108713
131655 128193 0.092662
299694 17736 0.113494
102534 30923 0.0923196
268750 132989 0.0990104
392803 93976 0.10229
361848 238066 0.114425
191999 32720 0.081572
377277 329091 0.1103
439442 120021 0.0706608
62461 26689 0.0951884
439448 160566 0.109487
192025 91989 0.0874046
207252 70727 0.104585
268804 81754 0.114202
102692 99476 0.0962344
408345 230084 0.115042
207269 169144 0.105899
238057 77306 0.103904
470705 402179 0.105248
392845 122067 0.101786
346302 39960 0.114627
377303 128086 0.082229
284570 234258 0.0977252
192075 95776 0.103096
299773 76877 0.089718
377323 76009 0.111853
238103 223007 0.0653961
207342 62071 0.106677
146702 3133 0.0969085
102870 64079 0.1036
207363 96250 0.0940475
268879 18227 0.110378
268882 117728 0.0826478
423947 239037 0.109392
439510 234530 0.111179
207388 20230 0.107453
423955 233410 0.100533
176915 55195 0.114367
346379 129575 0.0830382
132180 64269 0.113987
207442 153117 0.0409324
268943 95224 0.0807619
88969 29628 0.098736
75581 5273 0.0884229
75646 56880 0.0575523
75666 232 0.0954584
299925 25380 0.100402
222800 41470 0.102825
132428 119108 0.110667
455159 229990 0.110906
439589 136883 0.109721
147007 117598 0.0882089
439598 425188 0.0998934
408500 228085 0.10859
177121 63142 0.0735413
89346 4428 0.105597
117643 21712 0.112483
455197 433346 0.105796
238397 172644 0.0685191
284820 68240 0.113459
284822 6486 0.104915
424075 413092 0.110223
315473 122430 0.0938506
284863 172666 0.112298
117819 14348 0.109943
439674 221312 0.102547
486576 12269 0.114872
408568 294338 0.0668629
192531 113341 0.096241
315527 180818 0.110408
117889 100565 0.0594756
393138 180087 0.102471
76307 30332 0.115273
177316 25656 0.111527
331033 118602 0.0735625
486619 373678 0.0792076
76426 23869 0.104956
103761 49582 0.083998
331054 98544 0.107831
76517 64848 0.0864666
346643 301740 0.10277
147440 49051 0.105704
133049 8992 0.0881646
315607 211435 0.112621
269261 201842 0.0824755
192674 154808 0.0754787
238639 56102 0.075023
223114 146146 0.0828974
254031 37096 0.094099
133123 130864 0.0676296
486686 338498 0.113412
331122 97337 0.104812
177509 152575 0.0860539
377658 212342 0.0908938
162507 39564 0.101107
424237 69271 0.0805731
346700 155760 0.10229
300217 285129 0.109112
408690 38169 0.102527
300222 1351 0.112772
254104 72798 0.114941
162580 7198 0.111867
377684 302321 0.0936655
300243 258556 0.0840828
377697 278294 0.110635
254129 179628 0.0708965
238805 221176 0.114162
208012 102829 0.111778
162647 144942 0.103205
315712 194539 0.1113
223248 79496 0.112065
118414 71965 0.0748159
162690 127863 0.101267
118424 31705 0.106858
118434 98315 0.111336
177682 104564 0.085282
362342 264025 0.105572
238888 45442 0.0980346
393372 14732 0.109706
77236 51592 0.0939734
393384 127008 0.112486
331248 164144 0.0911353
254237 113210 0.10763
177761 37040 0.0933919
223350 130311 0.110219
362373 51250 0.059442
455437 138182 0.0939634
90764 3658 0.0971303
393427 256174 0.0972652
393429 201348 0.105606
346846 95790 0.108654
315829 263569 0.0912886
377813 43522 0.104537
439925 46904 0.0902303
162994 13664 0.0576191
285244 50797 0.0974504
424370 217857 0.110071
424371 243989 0.102375
147973 15014 0.0979006
177870 884 0.0951459
104822 86104 0.0905679
377823 365873 0.100056
455474 190988 0.0856238
455475 347117 0.102266
269549 178947 0.100861
90939 44971 0.111004
300424 209894 0.101984
346880 284481 0.0714741
133747 95862 0.102586
315873 300420 0.0923253
269567 18434 0.0915715
408854 166224 0.0495588
300445 188038 0.0838846
424401 106012 0.108083
193154 104431 0.0868693
362467 182588 0.100516
208364 28889 0.0928063
254383 58508 0.0932819
208369 48697 0.108679
105093 75193 0.112464
77875 10128 0.0924259
208383 133377 0.0873488
424427 29200 0.0945667
362484 54461 0.112174
148151 4051 0.079451
377892 207928 0.11346
300512 36494 0.0920457
346957 262198 0.0960741
148202 122136 0.0591015
424448 369156 0.106308
408906 374621 0.0854367
119027 10467 0.0929527
408911 359173 0.112249
346965 73968 0.095491
331423 78133 0.0698058
78062 66009 0.0980756
163269 11712 0.104237
163299 18040 0.0963149
300542 141492 0.108108
134059 21362 0.060955
91392 86424 0.0578547
193330 151703 0.114974
424492 33583 0.0964091
424501 399750 0.0597384
134136 35347 0.114017
254529 138422 0.0941367
455595 16290 0.110106
285447 66465 0.0987856
285447 209822 0.0932956
254588 15561 0.112066
347047 55726 0.10913
269779 192215 0.109921
300630 264271 0.108167
134339 63099 0.0943529
239333 145910 0.109923
178324 111247 0.0922263
409005 297132 0.0939649
471280 396116 0.108455
223773 11354 0.114854
455643 42220 0.111142
105681 89663 0.104094
178366 97549 0.110345
440137 297364 0.0926561
455654 144905 0.0351177
178398 123079 0.113904
347111 162495 0.102594
193554 114161 0.112992
409050 277004 0.0851867
163720 74950 0.100178
223849 23553 0.0884128
487036 363731 0.0944549
378074 329252 0.0620544
316192 124595 0.0825077
362694 48168 0.101642
254772 126838 0.0848785
378101 344047 0.108995
487070 92262 0.0903641
178524 98768 0.106761
92154 20263 0.087392
440202 258224 0.114366
239499 127989 0.11411
300787 202581 0.0863765
471362 255401 0.113394
409104 179009 0.112022
362735 74466 0.0776275
347193 228472 0.0995313
223953 175435 0.113
148843 34410 0.0889491
440226 429050 0.105287
393868 183065 0.109503
471389 427805 0.0368032
409145 133914 0.0894917
378169 138767 0.0217988
239588 184040 0.104116
106259 34523 0.109934
347270 119113 0.0924509
106354 88179 0.0855162
300899 44752 0.109239
92589 42455 0.104405
224104 216667 0.0835751
316451 307374 0.105707
239707 32262 0.0977992
149078 66164 0.088723
409210 353357 0.0828726
316467 88313 0.0931308
239727 220932 0.0995108
209050 114131 0.102095
331828 16039 0.111181
487236 230220 0.0765682
455849 178174 0.111392
135126 100826 0.100995
487247 146085 0.0925755
120146 92494 0.0806672
331854 210480 0.066569
239804 65999 0.107499
362888 71492 0.111881
224211 135794 0.0908853
270199 87200 0.0963999
487278 341498 0.0975541
270212 131876 0.107922
285892 48011 0.0910918
424867 348062 0.0800109
362937 105771 0.11487
362937 116353 0.0737621
93046 46207 0.08481
179098 17363 0.111711
471532 409377 0.101486
179113 135214 0.100821
316607 94696 0.103205
440409 252744 0.105477
194100 58051 0.098067
209236 185753 0.109385
362974 46586 0.106035
316634 209450 0.114573
301085 10712 0.108611
270298 196159 0.0842596
455940 305734 0.0651964
149469 129966 0.103493
331986 103330 0.0793414
363008 126990 0.0533281
179277 102079 0.107213
107029 6918 0.0856976
301140 287384 0.114441
149516 72501 0.111466
378400 64351 0.108207
424991 117970 0.115063
135551 125632 0.105912
332016 271971 0.103698
487385 402047 0.079922
286067 150365 0.0923992
135601 40556 0.0635312
425023 335036 0.100676
240157 205206 0.0779681
378437 95758 0.0672791
107199 8252 0.112156
240180 95926 0.0790453
347558 22901 0.0583416
440546 173916 0.102282
456033 125131 0.110692
135695 35416 0.11313
394174 338087 0.0793836
378474 56905 0.0996103
394183 163603 0.0672179
149691 23266 0.112392
93724 67689 0.0698668
425083 28956 0.0879508
347591 141307 0.113109
149735 2778 0.0602613
224567 193345 0.11368
240292 127262 0.0795437
286195 137005 0.112168
270513 198535 0.0781342
120937 31152 0.0908855
224599 208588 0.113972
471689 7197 0.114149
487475 481721 0.0562317
135893 82003 0.0954213
347653 64082 0.0998406
255448 153057 0.0800291
135931 52975 0.0998547
194576 43684 0.115274
456119 258978 0.109503
194609 190651 0.113925
149939 128798 0.114582
179828 11267 0.113608
440665 62756 0.0786156
301388 215408 0.109188
347762 155073 0.0423649
440672 327038 0.0852853
378619 109053 0.0915938
240495 46260 0.115097
240501 163170 0.113365
255571 139582 0.0977642
316961 184964 0.100807
425259 85380 0.0987456
165134 71540 0.0926204
209822 66465 0.105834
363289 243971 0.0964095
425276 410066 0.0970046
332330 262346 0.111977
440730 354585 0.0946976
270737 150927 0.10295
108020 74807 0.113688
240589 236759 0.04474
409621 142808 0.0982971
240596 81788 0.087472
409627 194683 0.099799
332361 4064 0.10041
224880 33150 0.0904779
487602 127630 0.11494
394397 194665 0.0965924
121537 51954 0.110485
440762 359640 0.100298
180154 36110 0.0987234
394412 8344 0.111282
150344 85936 0.113778
255743 84678 0.0996151
194935 28403 0.077942
409679 224152 0.112887
180197 41764 0.093351
378746 360783 0.0846449
270837 100224 0.0991152
165362 91124 0.11236
409701 140939 0.0886297
240729 186640 0.0584914
440802 271133 0.0885182
108304 88029 0.110643
180291 141500 0.102935
425380 191522 0.104085
180294 175132 0.0944156
270878 139268 0.0798259
255847 144516 0.0558659
456308 113979 0.112442
210053 47315 0.104586
409732 285334 0.0996418
456312 214668 0.114763
301623 96104 0.109051
195054 132518 0.107061
108423 105755 0.103026
456335 202606 0.105034
471943 165661 0.114927
225062 220388 0.0976186
136717 80899 0.0880018
270928 263013 0.114298
136748 32590 0.0819654
270949 240895 0.0845473
165533 30608 0.111385
301701 93378 0.0994436
121915 12797 0.113383
456369 306515 0.10251
150668 15988 0.0990896
394525 114592 0.113945
195158 26019 0.0989725
363480 234141 0.0780063
425503 388551 0.062499
409856 32534 0.112578
108704 107568 0.0827711
150835 25935 0.10933
409876 313853 0.108362
180660 156342 0.0979187
165708 135200 0.11481
150915 61338 0.10862
378917 234152 0.105015
472038 154340 0.106209
409902 125057 0.101599
425547 226974 0.110114
394604 380449 0.0945337
425569 264150 0.0523325
195388 141790 0.0771409
378965 217982 0.10974
180801 72059 0.107191
456485 137588 0.0901926
109045 21224 0.11165
301937 18879 0.101792
317430 122803 0.0938307
122451 114347 0.110739
109074 23374 0.114385
271203 251888 0.113401
210450 46645 0.0913658
301970 125402 0.0927472
441007 83976 0.0781589
332737 284703 0.109774
394690 250082 0.110135
137345 59840 0.0947442
137351 101929 0.112515
348220 151712 0.113643
332755 176140 0.108005
394703 127794 0.106456
137399 64660 0.106617
122603 86769 0.0969587
166052 20751 0.108026
456541 266528 0.0973244
109238 45629 0.110331
302041 227575 0.0979381
425648 317232 0.104855
363727 310325 0.0682369
363728 173377 0.110886
379042 47044 0.101594
394715 154554 0.0622345
456555 158153 0.079177
195649 165797 0.0871756
109318 95814 0.101218
317563 25648 0.0935744
181022 153765 0.080524
137589 591 0.0898905
302103 232472 0.106966
410072 292391 0.102864
379097 205987 0.0769016
410089 145553 0.113699
332842 88575 0.115105
394796 341143 0.0985574
256426 206535 0.108257
225606 12670 0.113855
210682 34688 0.114138
410110 254566 0.0828205
287058 106793 0.0523678
271507 18733 0.0904634
122967 16841 0.113384
271510 203837 0.0939832
166324 97714 0.104502
348372 116447 0.111267
241383 3949 0.0949456
166364 113167 0.0848888
425764 164384 0.0947854
302233 74895 0.0782592
137942 36228 0.111928
241422 164420 0.108251
332949 212127 0.112451
363952 328611 0.108833
287172 69343 0.092854
317738 306050 0.103488
138009 16482 0.0968389
166446 67623 0.0918074
241456 63563 0.07618
394935 176733 0.0947922
410189 157788 0.111602
348446 261885 0.112563
456713 397103 0.0990831
302299 297633 0.0745363
287246 22859 0.0975089
123251 112832 0.110377
488041 361007 0.0786433
410226 292231 0.0885996
138224 126148 0.0794988
123411 30293 0.113816
241588 153711 0.112347
410260 372523 0.0928263
364069 275238 0.10589
441309 4754 0.0948805
123455 45412 0.103761
287337 268808 0.100858
256799 162289 0.0765717
196260 23210 0.107988
287362 283087 0.0947714
181565 172376 0.108567
241635 205255 0.0973331
181584 121412 0.113777
472391 141549 0.0987907
472393 342419 0.0611024
166717 120478 0.108747
333109 106293 0.0854426
488112 172565 0.0724972
348584 162285 0.0883483
181648 112475 0.103801
166763 17109 0.0720126
472413 215795 0.112477
138556 11010 0.10431
333132 67784 0.0996477
196350 107604 0.108372
226041 93268 0.10896
472424 294603 0.075253
472425 381514 0.113827
488135 162126 0.0906238
441379 370071 0.0958709
226072 97956 0.102707
181747 107688 0.107359
348625 91850 0.114286
333164 229756 0.109605
152220 134815 0.0939435
456864 127640 0.0931227
395133 218810 0.113209
166872 163798 0.0753711
425978 362605 0.111555
211207 39327 0.112339
302510 216012 0.0699487
317999 40263 0.102199
123940 119040 0.107027
123971 8750 0.114272
256966 68015 0.0820112
333211 170581 0.106567
364230 66537 0.0789567
379456 193303 0.0970832
302564 102766 0.0916359
152392 17404 0.0952074
410449 68415 0.111129
364265 339832 0.0682577
441482 140365 0.0879799
426079 362433 0.080727
124293 73980 0.0660815
426086 215308 0.105892
257145 243065 0.11069
488277 364209 0.0904429
333329 234020 0.0546411
257180 61976 0.09299
379550 97868 0.0936863
152603 25045 0.0687523
272166 111984 0.0951116
124419 108455 0.115173
211499 30624 0.070884
226513 8505 0.0863349
333403 93031 0.0754343
242101 220341 0.0997705
226563 82932 0.0669262
272222 61819 0.108918
182212 101359 0.115233
410630 75803 0.111998
182224 177250 0.113597
124584 99234 0.0877124
139563 98502 0.105263
488347 54978 0.101296
472629 349029 0.110416
426177 91623 0.101768
441621 240644 0.11183
441628 314568 0.10279
257393 94917 0.103993
318284 71375 0.0981025
302813 297276 0.0872986
287854 78919 0.0954896
124733 25009 0.0656664
242217 41384 0.0916158
302833 9395 0.113945
488389 461811 0.103041
426222 5873 0.0944224
197050 167965 0.065896
488406 123845 0.107049
226791 198828 0.103676
139792 44696 0.108404
167626 128959 0.104362
395430 361719 0.0951719
153055 68687 0.104446
348983 13266 0.0933387
153080 63280 0.105455
226837 183109 0.0685231
257560 82401 0.0394685
472715 306680 0.0732069
302918 4044 0.0861964
139903 107379 0.0740744
318408 300185 0.101498
211892 112281 0.0836311
139948 61265 0.112522
488460 6750 0.0621814
488475 442624 0.113496
167786 156740 0.114741
140043 133322 0.110798
302972 424 0.0804569
257642 157687 0.0898992
272479 251661 0.108453
242402 38856 0.0935327
395526 209532 0.057178
226954 124497 0.0448226
379830 268728 0.0971969
226958 39253 0.112906
488498 375987 0.0537942
226969 194435 0.0846737
288107 151647 0.0804395
426335 207401 0.0800962
197349 13152 0.103374
227001 156117 0.0732531
426349 139136 0.0939728
395560 142944 0.108907
288143 214876 0.113797
257707 118682 0.106342
227015 197667 0.109357
488534 456316 0.0938773
140188 77279 0.0968526
227024 116617 0.110335
288159 52697 0.100145
379900 140105 0.110482
242492 84317 0.107156
472807 380004 0.0511813
472807 465109 0.0919029
333810 88426 0.104915
140283 109997 0.0908139
303080 166007 0.10156
318558 290140 0.0805205
441926 306405 0.10865
212186 159367 0.07416
212190 60868 0.11448
168053 62286 0.115189
242573 82886 0.110255
288283 176916 0.0989715
379983 259966 0.112773
257814 2006 0.10851
168088 164354 0.0975062
140405 10465 0.0846542
379997 31147 0.0673068
197572 146605 0.0967559
395660 296220 0.0752867
242653 20641 0.103192
242662 206222 0.0993798
364814 47341 0.086208
333944 117849 0.0910571
153665 83113 0.0974087
488648 324426 0.0859929
197658 166423 0.108052
442009 290396 0.112473
168213 42222 0.10238
288405 273827 0.105114
411069 318855 0.085291
395697 326432 0.113558
182975 156642 0.0666322
380064 140833 0.0980411
349276 40786 0.095763
349293 336185 0.103311
349296 10431 0.0703961
197809 64623 0.0809798
426586 398987 0.0238422
242805 18035 0.111684
380113 327186 0.112251
488744 438889 0.0536375
488745 127021 0.0984949
349337 338839 0.109893
472967 119078 0.110164
395776 36631 0.108514
303329 13153 0.0860565
168429 92970 0.0996758
288587 162634 0.083252
380145 162164 0.0925249
258057 30556 0.0715835
411203 40989 0.0992459
411203 111180 0.0965737
426658 28879 0.0720195
242891 158091 0.104049
288624 145593 0.070593
442118 381111 0.11315
334140 187640 0.0693454
272965 3988 0.112354
426681 187372 0.0846979
364987 70239 0.0939035
198035 72347 0.101012
198062 12204 0.0496766
183246 177989 0.102972
198077 144463 0.112158
212727 94144 0.110746
212742 145507 0.0824515
488822 330253 0.0903841
318862 262268 0.0870453
303403 145764 0.0727571
488829 260870 0.109028
365022 78453 0.10316
411276 103577 0.113034
198145 153251 0.101798
473039 141638 0.113
349443 282559 0.0976625
183321 164968 0.0789121
457586 339771 0.10089
473047 37155 0.113062
318909 28317 0.108324
273099 226239 0.0872434
227572 17491 0.0877389
303463 60013 0.0876206
288794 171222 0.0927243
303477 195065 0.104082
168687 67839 0.113129
395901 160356 0.100773
442222 338382 0.105632
318943 106542 0.0799886
227619 97134 0.106072
457626 343103 0.0971789
198326 86124 0.0804314
411371 247209 0.0705184
457633 298918 0.110082
411380 82885 0.0931597
457640 113110 0.102665
365122 16526 0.102518
473110 99410 0.0933193
365152 94828 0.108252
273237 95015 0.113396
154627 18014 0.105845
183545 27523 0.052498
365181 125073 0.11525
183571 76711 0.109673
213075 105131 0.112937
426887 1273 0.0930441
334424 56648 0.106149
426894 161601 0.11391
380355 195069 0.101804
365212 57849 0.0733458
183616 35012 0.108192
349602 301712 0.107796
183646 115304 0.079309
213177 194775 0.109124
303703 2754 0.0990505
426930 89493 0.0766794
489051 175814 0.111755
442339 326907 0.112842
396037 150364 0.0975535
411538 37020 0.101924
411538 38754 0.108377
411542 177631 0.115393
289103 73454 0.0805158
349661 330379 0.0895551
426961 333091 0.0805033
289126 160816 0.047316
365295 341607 0.100109
426973 15553 0.075137
198784 148620 0.0575007
243457 225690 0.0944959
289154 31453 0.0940625
473235 35747 0.111991
489128 103091 0.0993747
319248 42335 0.10201
334636 281000 0.113279
380481 196226 0.0833846
319258 274204 0.0870668
489145 325514 0.0674237
334665 187649 0.0940971
198902 120320 0.104622
183904 20641 0.102212
334682 112054 0.106814
303865 271078 0.115207
473303 170044 0.106261
396163 395497 0.0963531
457843 29138 0.075715
380542 123470 0.103869
258698 222785 0.0451616
349800 78783 0.0916726
411746 358854 0.0795216
365423 153144 0.0969997
334776 324846 0.114503
319383 36925 0.114896
273664 214109 0.0962015
184064 61031 0.0813485
273682 130446 0.105262
457883 275752 0.0989789
243798 181080 0.0967906
427129 355697 0.0943325
473396 268500 0.0904354
169471 95836 0.111408
365483 126545 0.111874
349883 84191 0.0900187
155398 154716 0.102295
349888 277753 0.113816
169519 43447 0.101548
473429 102942 0.112397
427173 285706 0.0897675
243854 207547 0.0348672
319470 290242 0.108306
380684 115247 0.108627
334903 33296 0.0840831
411857 36980 0.0896437
273824 11057 0.0957797
273825 118647 0.0959455
319502 265228 0.113038
442644 40527 0.110685
349941 188991 0.0997926
199245 82246 0.110425
442664 384851 0.0852588
473490 377836 0.112544
213857 135999 0.0667615
442667 399916 0.0814987
457965 411417 0.092842
319545 10749 0.110094
289604 108559 0.106262
396322 170969 0.0842203
489306 100090 0.107844
411940 228967 0.0941442
259010 142569 0.088463
259012 214489 0.0851164
304129 67410 0.0810057
350004 324549 0.102831
155662 50862 0.103769
380796 44139 0.0776575
259075 2665 0.0732027
273970 87487 0.0589918
169785 99936 0.0852252
184427 147754 0.0993877
244053 225448 0.074344
169837 116863 0.102697
259142 205169 0.110111
427359 259041 0.0942815
155771 143673 0.0973767
365651 345226 0.105099
350082 37078 0.0922472
458047 419131 0.110135
319710 43419 0.10272
228562 50069 0.110591
442787 368864 0.10175
458060 354196 0.10623
289809 165746 0.0754822
365679 50720 0.113514
335181 167540 0.115132
228588 193160 0.0860987
184570 73727 0.100675
473654 139385 0.0928121
199529 190904 0.102269
274117 264974 0.0910297
169993 129197 0.102105
473677 385049 0.103891
259299 243656 0.0823559
365722 135369 0.102757
274144 191807 0.0761634
380916 7766 0.10575
319833 292200 0.0964838
442845 389495 0.0538727
489495 116366 0.0729541
214187 13015 0.112771
350194 61406 0.103295
289966 117646 0.107048
289966 151484 0.114845
156033 35148 0.0861532
427484 123970 0.0672081
458133 190095 0.10904
259369 182988 0.0495157
289987 117301 0.109835
412203 195069 0.101076
412203 380355 0.115124
412204 173616 0.100101
365795 149616 0.113085
214247 189172 0.104884
473757 235186 0.103823
319934 95085 0.10875
304388 193140 0.0838472
184794 181074 0.0745743
290054 57519 0.101419
442938 41339 0.102418
304408 95634 0.0957978
274285 155821 0.0895382
170256 20749 0.0996245
214351 9909 0.10582
412301 61195 0.108106
290134 103421 0.0972115
489621 21801 0.100222
427568 64047 0.0701409
244510 85841 0.0445287
412328 72566 0.068803
381108 48115 0.0654095
184937 178815 0.11065
244533 49716 0.110046
320074 204362 0.115196
184959 168749 0.0989549
396627 85173 0.0928047
427598 270097 0.0821258
199897 74359 0.112771
244582 141714 0.106036
185025 147642 0.109875
274456 52129 0.093197
473913 143798 0.110017
412400 350946 0.0903165
304546 140096 0.112393
185089 110166 0.103334
244652 12572 0.0760064
427635 404531 0.107282
335498 277099 0.0842429
443101 264400 0.0671075
200031 187180 0.077426
259664 75528 0.0912375
259664 234236 0.103435
200048 184711 0.0947589
427696 79342 0.102427
366114 182534 0.0861848
427699 299039 0.107475
290350 104749 0.113292
381295 380334 0.111817
350463 31450 0.103073
244818 204811 0.0839693
443169 204393 0.0974403
366162 127026 0.114148
214696 205992 0.113723
474021 120324 0.0718761
474021 262119 0.0493396
366188 89449 0.111124
185439 20674 0.113704
350508 37116 0.114906
350513 21282 0.0780326
350518 115796 0.098749
427782 9648 0.0824734
274667 198769 0.103706
200220 174929 0.0650343
244956 3063 0.0686075
170801 114124 0.0900365
185566 52878 0.0649231
259833 120981 0.110307
274707 228084 0.0823706
185655 63388 0.112394
214848 76807 0.11279
458419 305738 0.108151
259882 139629 0.106582
259883 248728 0.106462
350608 263642 0.0868002
245088 177004 0.0916315
320417 262341 0.08859
412688 37964 0.107105
489937 106310 0.109816
290631 202838 0.10482
489939 97804 0.109405
245126 5725 0.108411
320447 48151 0.0822423
489952 176986 0.101864
274820 160638 0.101954
171018 151373 0.0631147
396918 245512 0.0960557
489974 392989 0.0861505
185879 84093 0.0647575
427952 68859 0.0558146
381529 347563 0.115113
260001 108398 0.0481492
245244 125043 0.100902
185938 144569 0.0901864
215026 31856 0.109638
366454 310482 0.110833
171126 161441 0.101895
490004 381890 0.105238
200561 70019 0.0796826
428001 286981 0.100932
490023 344553 0.0892838
335979 205478 0.110399
305003 11585 0.103293
335985 260568 0.0781775
335989 42921 0.0613249
396980 33103 0.10467
396984 368997 0.0887483
290851 68448 0.111715
336014 321026 0.110141
350843 313216 0.0988775
186135 16677 0.0806322
260117 151464 0.110781
215144 57855 0.110747
336049 159458 0.100203
260132 204485 0.0741391
381631 167191 0.0601328
186192 39475 0.0995107
458614 80670 0.109487
245390 102687 0.0958445
458619 28836 0.10455
443454 339281 0.113977
458623 98054 0.0882198
200795 66103 0.100895
215207 74204 0.100477
320676 295937 0.112908
215212 9643 0.0949252
397052 185311 0.0801119
443475 52763 0.0962264
350925 279568 0.0972183
260193 19214 0.0883191
245453 83255 0.0955889
458655 437271 0.0749891
171381 66451 0.110204
171382 65332 0.112426
412910 250548 0.100152
397093 271283 0.113979
171457 11252 0.0968539
171471 12252 0.102301
305201 259500 0.112789
186423 106864 0.0865994
412937 270990 0.109829
215316 206766 0.0456359
320794 139591 0.104741
305225 257322 0.0880117
397122 60919 0.104949
490190 39926 0.0706773
275271 27651 0.104503
412979 109397 0.105211
186528 21789 0.089177
229883 112538 0.0753753
381752 130313 0.0930515
381755 24189 0.109907
260329 30952 0.115336
458811 201645 0.109064
336266 60712 0.0967904
291202 119548 0.103125
458843 145356 0.104287
230016 26585 0.103056
458850 444413 0.114866
215531 205306 0.101342
230043 60335 0.056744
474404 445637 0.107319
490307 67961 0.105013
443641 310360 0.0839117
428253 149747 0.0691892
260476 119226 0.110816
291259 116572 0.113281
245848 171055 0.102677
413117 334722 0.0933825
381882 84432 0.10685
381883 261641 0.109997
381893 176354 0.100036
275486 84778 0.105084
428279 255646 0.107807
351237 27420 0.0951692
443685 330719 0.112373
381930 184182 0.111677
381931 136920 0.0544733
397283 99690 0.088138
201499 29408 0.111017
187015 121964 0.097788
187024 60560 0.0555488
275545 116623 0.0659409
397301 351517 0.107556
336409 41266 0.0966517
187081 41810 0.0667512
305586 203190 0.0983885
413193 27564 0.0997188
305602 91324 0.0865059
397333 231137 0.113962
413217 122561 0.0963745
397338 173297 0.107781
201637 12683 0.103248
187151 164701 0.102759
230252 67259 0.108737
305649 260311 0.0711952
443794 199441 0.092233
215844 131432 0.0955188
246072 73080 0.0974592
474516 15891 0.0832358
490456 394970 0.102483
215882 39488 0.096426
246108 229825 0.0937752
215891 40056 0.0928057
397378 122495 0.0587283
413279 70434 0.0679113
246122 164512 0.0775218
260816 124659 0.083767
187320 87902 0.110213
187333 148983 0.0864758
382117 44123 0.0579813
474558 144480 0.103544
215992 15361 0.0915571
351497 177422 0.0928452
260894 2294 0.0920982
351509 108945 0.114486
291537 49826 0.105055
230417 172605 0.0670921
187489 26698 0.108441
230444 45978 0.114211
260964 214968 0.112593
246320 57886 0.111059
428486 224473 0.102516
367234 91808 0.0783104
382239 353507 0.0930746
336623 50526 0.113146
474623 235879 0.0985395
459131 432883 0.0906025
428524 45146 0.106914
291624 122710 0.0551235
382272 239104 0.103857
428534 126823 0.0799802
261071 35734 0.100036
382276 312178 0.0957909
474647 290384 0.113197
382303 300185 0.0754123
382303 318408 0.10772
382308 24692 0.0648688
246464 63713 0.0982354
202095 100 0.0855455
397530 66357 0.0902085
216315 184338 0.110918
367322 20252 0.106336
490664 319869 0.103188
367350 289249 0.110536
216393 91754 0.0685324
321442 182760 0.0713966
261205 224405 0.0880213
246563 140742 0.108964
246567 223225 0.0751315
230645 189514 0.109235
351750 168607 0.0604324
474709 131280 0.0923273
230675 172875 0.108526
246612 103830 0.107302
428655 311664 0.0645796
367408 30337 0.114538
306123 30534 0.0905848
306124 183745 0.0824919
413592 189009 0.103592
490748 117382 0.11197
202337 178 0.107736
202377 73461 0.109565
428719 251370 0.100747
276050 83001 0.0936763
428726 287425 0.0952891
276053 197274 0.061098
306217 134943 0.0879121
413657 213721 0.112452
428736 1704 0.106748
202458 5767 0.115169
306232 134330 0.0739839
261404 99135 0.072478
490805 408403 0.112778
336833 271420 0.0747174
261418 94516 0.114719
246790 94405 0.0687039
291848 164682 0.108011
490817 270535 0.0893202
382525 165715 0.109997
202520 9813 0.087889
291861 37638 0.112414
474791 440550 0.11226
230856 101611 0.0943895
202570 174985 0.103336
444241 325509 0.0753239
382589 71771 0.109522
216805 208854 0.107775
351988 172857 0.0896583
351994 300757 0.084133
397731 21863 0.109735
428841 228576 0.101319
321662 23503 0.0968817
216878 127923 0.0866735
413787 357085 0.0766705
413795 366248 0.0972943
474870 306198 0.0804987
490917 51231 0.112982
247001 67382 0.0935985
444323 140390 0.105559
291979 167184 0.0578518
413822 135028 0.109146
247026 206927 0.107483
459373 73672 0.0829763
397772 386639 0.106481
490947 208570 0.0954531
367693 274751 0.0873594
202842 122124 0.113082
428935 270114 0.105467
231073 114814 0.0949869
217103 170794 0.113505
474964 75658 0.106849
203039 20780 0.115035
475000 122235 0.111341
337076 220571 0.11073
429035 308892 0.0719871
276402 16321 0.0735759
413986 103692 0.0502977
247316 173466 0.105461
367879 349756 0.107865
231235 187530 0.107113
276431 83298 0.106788
261919 173019 0.112739
352324 135714 0.110715
231300 78746 0.0859704
459549 21388 0.102979
367924 264794 0.113648
414049 365061 0.0740841
367926 21719 0.0937595
217377 89056 0.0965128
337194 333084 0.109239
247447 59393 0.109632
459584 23933 0.0823005
231381 218105 0.110248
491171 186839 0.108339
292303 234965 0.108235
475120 261716 0.102629
231408 85654 0.11249
217451 176303 0.108596
414116 279920 0.110507
247537 32643 0.11173
217482 54415 0.0902415
491203 135583 0.113148
306770 246800 0.0867512
414153 362109 0.0804073
491220 447539 0.112233
231507 113227 0.109848
247593 92905 0.115388
459662 219180 0.109195
262119 120324 0.0940185
247616 171589 0.0653884
491254 168273 0.103508
231581 185804 0.111447
444640 26787 0.0738612
231620 61470 0.0935446
247670 200629 0.0706597
398070 48230 0.107038
292500 219967 0.102037
491289 220226 0.103322
217630 3377 0.099994
306880 227768 0.10764
231676 156290 0.0903549
444678 403953 0.0673453
444683 337079 0.0842884
231711 103686 0.0769849
247753 43565 0.0828475
231728 219655 0.105747
459760 126788 0.113633
262261 174929 0.111337
475270 260901 0.0970334
383155 331082 0.0643667
306948 76289 0.101109
292604 100452 0.103162
491355 276733 0.0796915
444716 154091 0.10758
383184 14778 0.036086
491362 140944 0.104074
337549 130484 0.0800048
383204 369324 0.106616
276932 54997 0.0782737
398159 9220 0.10182
231865 94815 0.114785
276957 176560 0.101275
383228 64972 0.0898842
352650 141552 0.0669943
459854 398839 0.0957119
491416 362826 0.113742
429341 253864 0.101566
337614 268648 0.0900048
491419 269131 0.112766
337619 151604 0.107314
459875 73246 0.110053
231971 130674 0.109048
247995 150718 0.110837
368347 2637 0.0776354
322440 38984 0.0872547
307117 166399 0.0904153
262497 176442 0.0711868
414439 181020 0.0881181
459906 210868 0.0652272
475368 19871 0.105632
444801 277945 0.0845238
368377 146189 0.105561
429382 92593 0.0970406
414458 17218 0.0969278
491472 278434 0.0870446
217914 71000 0.103399
262562 196544 0.08143
491488 136563 0.115375
475399 22808 0.101302
217962 110662 0.109036
429424 389280 0.102608
352782 250306 0.0890078
232217 162498 0.0600761
414561 166941 0.080878
429464 213684 0.112783
383444 284378 0.114833
292962 168149 0.113792
218076 87531 0.0899159
398329 377957 0.114989
262772 96877 0.0653287
475467 306698 0.103957
262777 18014 0.067575
262777 154627 0.0851378
218150 171504 0.108745
491614 230352 0.114025
475498 204678 0.0815701
337967 283822 0.110237
322762 33954 0.115259
307461 217573 0.0515623
337987 176514 0.0932585
444961 240729 0.112091
232490 206679 0.115204
475525 189505 0.107457
293086 142685 0.107573
491651 120048 0.11298
398426 93676 0.0747813
218240 67024 0.0991966
475532 448529 0.102898
352996 28535 0.07489
322825 241013 0.104367
398448 186516 0.100422
338035 180449 0.0910428
475541 203973 0.0993163
460166 349320 0.10687
383629 277414 0.114699
353011 302314 0.0850994
262978 202464 0.112912
218288 144863 0.102706
444996 110097 0.102721
444997 47116 0.109121
353024 19510 0.109324
444997 204051 0.0828867
338087 180718 0.115384
429659 252252 0.104941
248577 191397 0.0885758
307583 82855 0.0902548
491707 296656 0.114557
322902 245519 0.0587605
429677 210195 0.0834404
491722 214362 0.112583
338127 265551 0.0945761
218363 146582 0.0880843
322940 285720 0.109708
277654 264446 0.0898062
293198 153817 0.1055
218398 58579 0.0966585
414791 376806 0.096407
460268 336746 0.0826031
475631 461487 0.111537
368842 356604 0.104605
414813 26901 0.110818
475638 74959 0.112291
323022 169215 0.106426
383788 218158 0.109812
277763 181463 0.0924899
307747 74911 0.113234
232856 149310 0.103823
368905 72241 0.114737
232884 149510 0.101468
475683 84339 0.11033
429807 29933 0.114331
353201 115215 0.0878215
248837 187514 0.113361
414861 131888 0.0949783
338297 5700 0.112544
218543 129842 0.0577323
398678 316932 0.114715
248871 1793 0.09834
338326 209750 0.102149
398692 387525 0.104131
323122 104243 0.104341
323130 192337 0.0735171
353269 184659 0.112675
475744 63560 0.0624291
383908 261439 0.103082
475758 421488 0.0281634
248970 127374 0.0883439
218637 115187 0.110313
323175 207110 0.101215
233070 5400 0.0934799
429907 236535 0.0994352
460436 207210 0.102055
383943 45340 0.0974491
491871 176098 0.112118
233116 87729 0.0925192
338429 307064 0.113816
249040 141166 0.101214
475802 106355 0.112636
263449 190778 0.109981
414960 201877 0.108819
338476 29149 0.103153
353389 185030 0.0767623
233200 172880 0.0930386
249155 229980 0.108384
263546 109208 0.0680772
384047 147409 0.103892
249177 9943 0.10734
415022 43792 0.1097
278145 203560 0.109867
430031 288006 0.0826996
460559 256637 0.105457
398901 346582 0.109002
233356 77757 0.0967334
460570 371654 0.115025
475910 49519 0.109844
353500 212097 0.0984275
353505 147304 0.0669528
293603 119723 0.100708
398933 25077 0.105195
430071 88288 0.107384
445331 32842 0.0854669
308145 269770 0.0906691
430105 417779 0.109531
430116 243462 0.0825229
398995 120114 0.0720899
475982 369199 0.112252
308200 131070 0.0870358
353602 105945 0.0975391
353608 148408 0.0709104
353629 212645 0.113996
476010 70279 0.0869569
399059 288899 0.102451
353656 220100 0.110548
249487 72745 0.113375
293793 12608 0.112346
399076 77312 0.109803
369330 258991 0.113629
323564 169829 0.0975313
249530 222813 0.110466
415243 345479 0.102595
338823 257978 0.0658674
492130 273997 0.107016
384224 290500 0.104868
445483 186065 0.0704843
415263 386864 0.0861888
233731 152621 0.0904443
399130 96313 0.0775088
353741 311206 0.112357
430258 194669 0.0877351
308388 254894 0.108289
430267 252859 0.0522601
293915 286033 0.098525
323665 240075 0.112681
293921 79680 0.0630198
338905 279678 0.108
353782 183757 0.102969
323670 267318 0.10267
399180 157122 0.113708
384277 884 0.107529
460821 97863 0.10769
430304 304448 0.112687
430305 357363 0.105032
415336 194586 0.0942948
323704 126887 0.111138
308463 112368 0.104533
233874 150462 0.0891863
338956 82705 0.0884653
369473 124630 0.113145
308485 226839 0.102323
369476 353676 0.0978349
399222 162156 0.0878232
492219 60486 0.100903
415360 262555 0.0902335
338968 219026 0.103671
369484 31918 0.112815
353860 60018 0.101214
233934 139063 0.101999
353871 175508 0.101219
430360 194226 0.0985103
353879 246031 0.115039
384330 344035 0.0741681
476140 27974 0.0930278
233986 147661 0.0987522
445625 351590 0.110351
323810 245423 0.0879177
323812 173729 0.074861
353918 76628 0.111979
264022 138873 0.0882197
339060 29770 0.10384
492288 249172 0.106022
476165 29127 0.106455
430416 364530 0.0989265
430417 267210 0.0961229
278596 208081 0.0929949
249923 235765 0.102586
353980 90181 0.114486
339092 334452 0.104566
430440 120644 0.11069
353995 109603 0.0967266
354010 57693 0.0848669
476206 449820 0.102916
308707 152097 0.11194
339138 80661 0.0997203
461009 73511 0.107132
294262 174530 0.113191
234255 167550 0.0962089
354082 263396 0.0730011
492389 334951 0.0742871
384461 47777 0.0645516
445795 137763 0.113424
461056 401434 0.11165
308813 304478 0.0698929
354133 547 0.108581
430563 375521 0.0945312
308836 164162 0.0509633
324066 120729 0.102218
445826 38270 0.111305
492443 421519 0.112837
399471 26927 0.0677984
278886 180555 0.102448
399511 141724 0.100903
339314 109557 0.11504
339317 77288 0.0916671
430637 250689 0.0988666
415693 317122 0.115033
384581 266055 0.07501
415718 311431 0.0897039
476359 116588 0.0694376
445930 209870 0.11344
309003 25674 0.0918054
354297 146506 0.0880279
399597 352771 0.0887656
324256 121654 0.0849355
309052 116156 0.106184
369951 138103 0.108421
279074 199009 0.112338
339449 166720 0.109624
354363 322461 0.0835169
294619 202475 0.0988814
339485 214438 0.0973349
384705 187737 0.0932704
476464 75846 0.100759
264683 91730 0.0877348
399711 332119 0.10409
279205 36877 0.103777
294693 75162 0.0944004
339556 315461 0.105221
339577 170801 0.0970019
446094 239120 0.0774666
309231 209751 0.105189
492682 76199 0.0769703
430872 71971 0.0835487
354536 121546 0.0969707
370139 336923 0.0859843
354548 68321 0.0778021
294819 187177 0.0854971
279368 227963 0.106191
461409 98976 0.0924573
339686 218162 0.10276
492752 95319 0.113538
370202 239343 0.111693
264932 162066 0.0983522
264939 34504 0.112759
492765 421484 0.0939046
294928 78395 0.110913
339766 247401 0.079305
416040 32570 0.0922662
354664 120912 0.106261
370262 32659 0.10573
461485 60934 0.111487
370275 276447 0.0916417
430997 111956 0.104591
309469 98990 0.0947037
265065 150480 0.101459
354716 256789 0.110939
279548 228187 0.0885234
399971 321073 0.106235
265098 254983 0.108785
370335 22506 0.101443
309530 223811 0.0961093
370377 243523 0.110527
295104 1450 0.102922
385069 263903 0.0888742
431091 39227 0.104433
446351 343441 0.10443
265212 72928 0.094835
324798 295175 0.0803026
476759 281699 0.055376
416199 347773 0.10391
400079 342475 0.104653
354866 254899 0.100765
279744 182127 0.101006
309680 72093 0.097192
295213 11476 0.0958996
385150 195010 0.103084
476810 341151 0.107907
385173 54882 0.0834461
400134 97570 0.110536
295257 112994 0.0966179
370507 70162 0.104125
279811 272507 0.103472
492984 332324 0.0724375
385201 212643 0.114552
309755 77218 0.113568
340114 171913 0.106668
431253 130520 0.0950157
400230 48611 0.101897
370612 290863 0.112841
355039 233285 0.0957778
279940 212609 0.0947755
340196 320855 0.114229
493081 96227 0.0885625
295420 231323 0.109119
446567 119727 0.0594707
416395 24031 0.103934
309898 125498 0.113543
325118 170870 0.0780186
416429 334728 0.0578537
385373 135742 0.0791773
295475 267999 0.113981
416458 282379 0.108566
280116 5075 0.111748
416473 244899 0.0493693
280131 40733 0.0586029
295546 127869 0.10817
461884 279513 0.0993248
416486 266055 0.0952706
340339 45698 0.0906844
370789 289595 0.0817969
446681 202197 0.11128
370804 183998 0.101023
431436 426733 0.0578027
416533 355241 0.10664
400434 281214 0.0764682
355267 262725 0.111788
446720 156951 0.0961554
493230 326350 0.105256
355286 26409 0.10188
370856 216838 0.0401247
370884 147225 0.104653
493261 285371 0.100547
461991 38897 0.102723
325354 125542 0.11112
400510 169422 0.105635
493284 53514 0.0771041
446790 148847 0.0908586
295752 138535 0.065813
477173 18382 0.11422
370945 366181 0.0852082
462050 156903 0.0982223
400572 58512 0.063961
340562 157024 0.111809
493330 451800 0.0780513
400594 157567 0.105211
416691 210427 0.0986657
477214 343747 0.110813
295842 186199 0.0420784
295843 263977 0.102641
355450 188575 0.0906772
340593 247788 0.102866
446858 125048 0.11114
446860 267022 0.108127
295872 45834 0.0847047
477238 77126 0.0776597
416724 362228 0.0626251
462104 231370 0.113087
462104 358021 0.0893896
431640 310368 0.105568
340645 79691 0.103479
295906 246695 0.107238
477259 136546 0.0746015
493395 232180 0.0787204
325566 49105 0.114323
416774 85381 0.0951166
400690 272585 0.0870071
477300 424414 0.105523
310425 136620 0.0993821
340717 211951 0.0971201
280612 133342 0.101347
462174 180792 0.0678452
493443 288248 0.0983593
340742 175693 0.101639
493455 48674 0.0366985
400737 192388 0.109046
385819 155187 0.0875468
340779 212793 0.0770894
400763 121677 0.0439549
493488 260062 0.100697
477375 182515 0.11535
280724 163802 0.0937609
371206 324026 0.111961
416879 110097 0.068888
355693 255158 0.0531339
447050 59727 0.0880226
447056 75287 0.103297
447056 236075 0.0927657
325759 55886 0.110296
447068 357520 0.0949793
371280 340457 0.105629
325792 202127 0.0928803
340906 277312 0.105656
280845 184566 0.110003
355794 317639 0.0962544
417013 95093 0.0893156
493617 378427 0.0534593
355829 173016 0.10256
386023 144559 0.0473957
325900 209830 0.112472
431923 24163 0.109221
431930 371061 0.0644999
310767 221018 0.0978801
400968 384536 0.109528
325945 165984 0.101332
386064 148546 0.0899348
386065 276206 0.112014
493666 343961 0.0323026
462434 189423 0.100904
401009 306081 0.082223
447229 47222 0.105493
401059 42506 0.101173
447264 176512 0.0915094
296480 39469 0.115324
462498 390572 0.112745
462509 227879 0.114572
447315 377049 0.104354
386203 90225 0.112508
356046 24373 0.0811
281216 85830 0.0750801
371604 83208 0.0943427
371610 251491 0.0933837
341256 287283 0.0852572
432121 272496 0.10817
326181 92461 0.108126
477712 205053 0.103877
417259 415180 0.10895
356127 265268 0.115006
326220 91880 0.112237
493835 109374 0.110916
417285 342834 0.0963906
296689 52948 0.0944464
311113 184840 0.0939285
447434 43450 0.105257
341375 123380 0.058374
326316 75388 0.0832482
341395 103311 0.0958692
371765 258759 0.0718919
417373 359094 0.0351412
447495 414092 0.0888124
341439 10728 0.110619
326389 268059 0.110675
493964 474336 0.107013
371839 205166 0.0894137
447562 227261 0.0900607
356343 217279 0.0749829
493989 333500 0.113023
356347 139359 0.100553
401399 256397 0.0985834
386506 174389 0.111864
477906 468949 0.0751762
494010 235324 0.11052
371908 368397 0.103767
477921 243118 0.0856756
356384 4576 0.106125
356396 640 0.0586943
417515 390124 0.0882932
326543 81113 0.0933029
462848 281032 0.111423
494056 209492 0.0792413
341646 28456 0.066425
341655 196341 0.066978
447671 188516 0.0985819
432438 207559 0.095157
478003 356447 0.0951177
462894 77976 0.107643
447713 54355 0.0657218
401555 209468 0.113404
417622 258570 0.105426
432502 291123 0.0890189
447744 210285 0.0719296
372088 321583 0.0968289
494152 243296 0.106786
417656 22947 0.101403
372099 351797 0.0875493
326716 33084 0.11062
372104 1934 0.101904
311601 203197 0.108458
326730 82743 0.0945413
478082 297061 0.0643471
386723 112049 0.105278
478085 83498 0.114327
372126 131484 0.0999782
432553 163711 0.0873176
432555 331368 0.114607
478100 226616 0.113905
417711 199218 0.0834996
432576 140542 0.0854577
386793 175724 0.104872
341877 277991 0.1055
478151 22291 0.085104
401711 293228 0.104896
386813 291957 0.104388
417761 362322 0.070964
432632 180700 0.0913251
372242 2347 0.0795868
417789 51764 0.0472485
494273 338936 0.0938335
478189 267570 0.105831
494291 355584 0.0903578
356775 352217 0.0855787
341988 137961 0.0953014
372307 33590 0.10544
401807 257515 0.103778
326966 117085 0.084279
417862 145896 0.107151
311888 261357 0.0878848
463168 264855 0.0881436
372381 30390 0.0890647
417915 214045 0.0534204
342089 71573 0.114326
478303 164168 0.0829528
386997 28234 0.0501773
387001 367784 0.0567869
463215 340749 0.109445
311983 12654 0.0819242
387022 148479 0.0730128
356925 281729 0.0646992
417960 368422 0.10984
311998 64178 0.0764593
463239 196593 0.105483
401934 46050 0.107973
372467 51383 0.0624983
387063 231417 0.0911107
417975 288597 0.0861448
401960 314072 0.0873812
494464 286719 0.086886
463287 105070 0.080649
478388 99790 0.100065
327181 312278 0.112687
418004 171790 0.0531036
357016 338722 0.097964
342226 241687 0.103684
463296 14559 0.0999172
432885 216243 0.107999
432887 277329 0.111601
372529 72437 0.0849206
448112 254187 0.105088
387136 36974 0.103744
357053 244398 0.110718
432916 381869 0.112829
387151 163400 0.0996635
312161 187437 0.104713
312165 75030 0.113178
402050 317778 0.107188
327268 302550 0.0672253
372601 16407 0.11319
387216 276861 0.0819089
357139 313672 0.0998377
357140 318293 0.0756466
478487 245023 0.106553
402111 131587 0.108041
372645 250960 0.112844
327383 62586 0.0896932
433029 335225 0.0885556
372697 186306 0.0849647
418169 271335 0.0886013
342428 110830 0.113933
402171 370395 0.0350312
387296 101096 0.101911
418185 27185 0.105077
387311 253151 0.0950931
342465 240903 0.0743683
494637 69016 0.0871989
372759 79291 0.115135
372764 43867 0.0637947
372764 73129 0.0842731
342514 73812 0.113448
448336 305182 0.101178
433152 270423 0.085855
402304 106636 0.0623726
327570 171470 0.0458511
312498 268033 0.114893
463565 48731 0.0859247
494762 352990 0.0826406
494778 127818 0.108228
494782 325464 0.111013
494786 438780 0.0741501
494791 409696 0.112394
342693 225384 0.0699589
478736 327004 0.103377
448465 163387 0.0776399
387544 86529 0.067845
448482 343175 0.0611253
357534 302385 0.103549
448526 369892 0.110478
402487 266561 0.0736643
387615 109227 0.104687
402495 15655 0.094703
342807 240743 0.0939215
342808 177989 0.0274731
342808 183246 0.105623
478816 208693 0.0942582
373062 220226 0.0669887
387639 195949 0.111754
463743 144865 0.0393678
327862 154493 0.108244
478861 299567 0.103665
373136 102334 0.101322
433416 181310 0.11191
494941 323613 0.0692138
448632 427826 0.0555103
448633 228428 0.0572983
478900 469317 0.0998503
494958 295431 0.104163
373176 28658 0.10372
463823 38571 0.104136
357715 235892 0.101553
342969 328270 0.0614149
402646 162990 0.104604
463867 143635 0.102447
387794 165568 0.111206
402675 236776 0.104256
328035 256679 0.109517
343030 309829 0.111672
448722 32385 0.109882
418688 73379 0.0797264
479001 74383 0.0716449
387851 347421 0.0898844
463922 223961 0.108744
357841 54343 0.0867188
373315 118569 0.0996517
433568 310044 0.0510866
495088 41998 0.115156
463958 210732 0.107548
463971 367400 0.110194
373374 351628 0.114307
387934 293658 0.106495
387955 136673 0.101299
464007 104686 0.0820859
387964 250526 0.109288
479099 60648 0.0988918
448850 354910 0.0887686
402848 76268 0.0919606
448862 198475 0.101795
464036 282350 0.09755
495166 383539 0.0964329
464043 237729 0.105552
495174 367475 0.112666
358001 321911 0.112135
418871 199174 0.10545
448911 270026 0.114495
343287 214272 0.112314
358055 306497 0.0847127
448941 308417 0.114562
464112 70060 0.090019
388081 129063 0.114721
495242 4139 0.112528
464120 4654 0.107122
464125 255401 0.0952226
433776 90265 0.0814517
403012 163055 0.0710214
403032 274666 0.0941704
419030 278633 0.104304
403062 352431 0.0543739
373668 67718 0.104014
358227 294373 0.108963
388215 247069 0.0780741
358255 53835 0.107993
343514 154400 0.111699
433915 52862 0.108358
479342 339253 0.0957909
479342 439320 0.0950684
495403 375826 0.0962372
373774 148463 0.0888908
464304 125761 0.108708
419144 81347 0.10217
373813 12463 0.0759433
403218 231994 0.0821469
403223 173211 0.10938
343647 135991 0.101731
388362 379142 0.113668
419237 395882 0.0845244
343717 17421 0.113153
419264 71930 0.101641
403305 94661 0.113066
479494 81127 0.111358
388479 233833 0.100042
403355 220319 0.105011
388509 218476 0.0809832
449315 264987 0.086276
403383 274393 0.112706
388525 334462 0.0908353
403391 196622 0.110982
479564 127023 0.105609
358585 107962 0.0966302
358598 279149 0.0951143
449368 110820 0.0778234
449403 211194 0.106892
434247 429578 0.0747982
419432 170415 0.114074
464573 181502 0.114904
434269 341439 0.112453
403495 17958 0.0681982
464592 57672 0.111349
403514 402816 0.0923863
419477 169565 0.112018
388674 310745 0.110705
388702 41749 0.109308
464670 428314 0.0843364
495775 417125 0.115222
358849 334724 0.102506
358860 64250 0.112846
464718 195707 0.0705622
388810 75694 0.105362
358892 91569 0.106638
374315 54798 0.10428
403675 367735 0.110102
449585 189296 0.104698
464746 345375 0.078329
374341 284387 0.0908994
419652 322806 0.109586
434466 126379 0.111926
388862 245287 0.108758
495892 450089 0.103995
449665 50784 0.0997909
419719 104736 0.112726
495908 433760 0.110521
464841 455275 0.100481
449691 286253 0.102181
403823 66091 0.110821
449726 191391 0.115018
374496 184975 0.0822745
403852 102054 0.0928497
479948 79079 0.0811922
403863 106856 0.0923396
389017 174645 0.105734
403877 343892 0.111669
496000 330546 0.105753
374558 102254 0.103202
359170 179068 0.112374
480008 79660 0.0953659
464961 308830 0.108425
449817 212179 0.0992722
359220 220513 0.08109
389120 367673 0.109742
496057 130017 0.0974457
464992 242977 0.115021
374669 161677 0.0885538
496086 189025 0.0941258
359271 78658 0.100424
419955 155478 0.107399
419963 296066 0.0885628
374717 114214 0.0930037
465063 24051 0.0807398
374732 168893 0.090554
404082 201989 0.103425
404092 58709 0.114809
465109 380004 0.102304
434846 268326 0.0900887
465131 214295 0.101488
420068 118381 0.087308
434870 182015 0.109411
389307 320173 0.106945
480191 355823 0.0978763
480194 410627 0.077029
389330 194469 0.0948453
374874 101122 0.100137
450050 246439 0.10857
374892 258949 0.102189
450065 436229 0.114355
374916 36567 0.0966649
496283 74895 0.112054
480280 305687 0.087931
465247 301329 0.112678
480303 169594 0.113926
480314 86721 0.10875
450137 167806 0.0968496
404304 58744 0.0690048
465291 118191 0.0993361
435029 364012 0.0953007
480338 282071 0.0792988
450165 439188 0.106012
435048 374250 0.0883952
404351 7566 0.114675
465322 336647 0.0916616
496420 172711 0.0784273
450246 180430 0.0921095
450287 145142 0.0945498
465449 87616 0.105043
389680 268151 0.113635
404510 320400 0.0932559
404518 235097 0.113896
496502 369402 0.105959
450349 186602 0.0978814
404537 48839 0.0727029
404554 184685 0.0913046
420486 369040 0.0527437
435283 175109 0.0654192
450416 56414 0.112594
450437 127141 0.112038
404625 136591 0.0879952
450443 16395 0.0462542
420560 242782 0.0994154
465588 351517 0.0985724
465588 397301 0.0776481
450469 374484 0.10667
404662 18855 0.100686
496621 141032 0.045039
450479 102318 0.10925
404672 281347 0.0950746
404677 169952 0.106949
404726 363916 0.11174
435443 218116 0.101568
435482 371293 0.093875
420749 205594 0.100224
420798 388944 0.114019
465820 72712 0.100471
465855 254932 0.104821
420861 205540 0.113283
420867 228326 0.111263
450761 438978 0.0972415
404989 36369 0.0946891
450768 406340 0.10124
420905 62262 0.0721296
390212 187494 0.100445
480942 425171 0.0950659
435694 28328 0.113729
390238 294516 0.0860967
496933 352159 0.094854
480968 125170 0.0848507
420966 84711 0.105674
465965 314111 0.072038
450857 2733 0.0760569
465989 261061 0.105654
450891 141445 0.104516
466029 271717 0.0929565
466046 78765 0.114431
435854 396093 0.0958392
405217 320694 0.0670697
466089 324918 0.0910087
481111 143081 0.111295
435891 186676 0.0780831
435892 193714 0.0996115
390460 18198 0.0942831
390462 347297 0.0808993
497116 19450 0.0886337
466130 371877 0.102373
497120 343044 0.0981046
481162 99075 0.0841711
481163 45789 0.102898
405302 3404 0.114574
421219 314939 0.105925
466199 287599 0.102718
451092 373185 0.0818102
481219 63291 0.113143
481228 407275 0.086431
466218 462613 0.0793948
481236 459323 0.114545
497268 30186 0.106867
451191 246889 0.0946485
436116 64524 0.114757
436121 105342 0.10321
497316 375352 0.0667101
451265 35915 0.0681062
421425 314505 0.0881563
481387 450175 0.114648
436182 184433 0.114909
466394 451902 0.0994284
466396 160698 0.089082
436208 167909 0.07713
451307 152377 0.105292
481421 118609 0.106502
405629 67957 0.097372
497410 83335 0.105624
466478 204027 0.0892846
466487 373037 0.115199
481517 210308 0.093368
497475 370399 0.0806294
466515 91375 0.113692
466527 442395 0.055779
421615 188094 0.105021
481559 41101 0.107956
466571 20851 0.0977714
466573 135530 0.0933724
405785 144398 0.0841153
421654 185770 0.0730738
436417 344152 0.103802
497583 253882 0.101979
497584 480470 0.101727
497586 27191 0.0975835
497598 230090 0.110358
405928 275466 0.112117
481699 102579 0.0694591
451618 338925 0.0666067
451631 409448 0.0511833
497692 100212 0.0773111
436571 328161 0.103103
436572 86500 0.0763442
421867 756 0.0483488
436600 381790 0.103881
406028 380005 0.0758226
451710 114596 0.110607
451711 425098 0.0894536
406051 358127 0.0814802
481806 474395 0.0773869
497804 145446 0.108229
406135 221937 0.0910022
481873 347163 0.098108
481881 5724 0.0785404
481887 34876 0.113071
436747 391828 0.10975
497879 64581 0.101457
466953 306524 0.105361
481967 208694 0.0948528
467030 103055 0.093005
436901 422817 0.0922058
498008 2986 0.111428
482069 310553 0.0688252
482080 173600 0.100108
498051 485493 0.112184
452082 161287 0.0579204
437022 46355 0.0866491
452100 164809 0.111424
437031 370507 0.103275
437035 382813 0.113535
437037 83633 0.0930679
467227 116851 0.100692
452241 92057 0.103617
482309 237624 0.0983059
437212 141242 0.0804157
498299 263100 0.0849578
452338 265458 0.0549924
452342 257275 0.11284
452395 262530 0.110264
452399 398925 0.114527
452411 16160 0.0919059
482457 215596 0.113678
482459 321204 0.0963731
452431 331818 0.103002
467498 146717 0.113036
452438 365429 0.106856
452448 356524 0.103265
452501 86531 0.0738703
437460 155383 0.107693
482616 253423 0.0825445
482621 161723 0.109664
482645 365539 0.0822659
498567 458051 0.0678496
467704 387602 0.0988252
452678 65734 0.101698
498667 22256 0.11526
498671 456276 0.100709
498679 140888 0.0940403
467933 9076 0.105418
498809 247379 0.109069
482931 157254 0.0989256
467989 79240 0.108653
468009 436984 0.110807
452988 271141 0.0982073
468057 65515 0.0334088
453022 234987 0.0410419
498931 200727 0.113447
468079 216913 0.113428
483045 93250 0.0884919
498961 392925 0.0993072
483082 261164 0.108032
468139 424321 0.104998
498995 188330 0.0958904
468162 353665 0.0860614
483139 162883 0.0725734
483147 311079 0.0633998
483210 414086 0.0613993
499122 101892 0.112624
468365 88602 0.104292
499212 324209 0.0786569
468423 175476 0.08806
483357 360482 0.102509
468455 381283 0.103622
483402 275134 0.0860501
468495 61186 0.0868919
468507 387782 0.102142
499341 448973 0.103034
483456 83384 0.0958899
468538 463807 0.0841823
483523 425280 0.106337
468600 438024 0.102972
468623 148751 0.0618179
499440 116171 0.0915659
483582 22512 0.10923
499483 361969 0.114263
483595 173656 0.103172
499532 146873 0.0590663
468732 405578 0.0835953
483712 93864 0.105906
499626 398461 0.103373
483749 216254 0.0786754
483801 66588 0.0896202
499707 124950 0.108484
499712 287501 0.08936
499713 335407 0.100178
483906 373198 0.0982687
499834 391179 0.10711
499876 456935 0.0846978
484009 338905 0.112201
499910 192520 0.0688854
484055 182132 0.0967327
484132 165258 0.105748
484135 48426 0.0705714
484197 194707 0.030143
484264 91533 0.0732835
