0 -1.5707963267949 0 0 0 0 0
0.0634665182543393 -1.5707963267949 0 0 0 0 0
0.126933036508679 -1.5707963267949 0 0 0 0 0
0.190399554763018 -1.5707963267949 0 0 0 0 0
0.253866073017357 -1.5707963267949 0 0 0 0 0
0.317332591271696 -1.5707963267949 0 0 0 0 0
0.380799109526036 -1.5707963267949 0 0 0 0 0
0.444265627780375 -1.5707963267949 0 0 0 0 0
0.507732146034714 -1.5707963267949 0 0 0 0 0
0.571198664289053 -1.5707963267949 0 0 0 0 0
0.634665182543393 -1.5707963267949 0 0 0 0 0
0.698131700797732 -1.5707963267949 0 0 0 0 0
0.761598219052071 -1.5707963267949 0 0 0 0 0
0.82506473730641 -1.5707963267949 0 0 0 0 0
0.88853125556075 -1.5707963267949 0 0 0 0 0
0.951997773815089 -1.5707963267949 0 0 0 0 0
1.01546429206943 -1.5707963267949 0 0 0 0 0
1.07893081032377 -1.5707963267949 0 0 0 0 0
1.14239732857811 -1.5707963267949 0 0 0 0 0
1.20586384683245 -1.5707963267949 0 0 0 0 0
1.26933036508679 -1.5707963267949 0 0 0 0 0
1.33279688334112 -1.5707963267949 0 0 0 0 0
1.39626340159546 -1.5707963267949 0 0 0 0 0
1.4597299198498 -1.5707963267949 0 0 0 0 0
1.52319643810414 -1.5707963267949 0 0 0 0 0
1.58666295635848 -1.5707963267949 0 0 0 0 0
1.65012947461282 -1.5707963267949 0 0 0 0 0
1.71359599286716 -1.5707963267949 0 0 0 0 0
1.7770625111215 -1.5707963267949 0 0 0 0 0
1.84052902937584 -1.5707963267949 0 0 0 0 0
1.90399554763018 -1.5707963267949 0 0 0 0 0
1.96746206588452 -1.5707963267949 0 0 0 0 0
2.03092858413886 -1.5707963267949 0 0 0 0 0
2.0943951023932 -1.5707963267949 0 0 0 0 0
2.15786162064753 -1.5707963267949 0 0 0 0 0
2.22132813890187 -1.5707963267949 0 0 0 0 0
2.28479465715621 -1.5707963267949 0 0 0 0 0
2.34826117541055 -1.5707963267949 0 0 0 0 0
2.41172769366489 -1.5707963267949 0 0 0 0 0
2.47519421191923 -1.5707963267949 0 0 0 0 0
2.53866073017357 -1.5707963267949 0 0 0 0 0
2.60212724842791 -1.5707963267949 0 0 0 0 0
2.66559376668225 -1.5707963267949 0 0 0 0 0
2.72906028493659 -1.5707963267949 0 0 0 0 0
2.79252680319093 -1.5707963267949 0 0 0 0 0
2.85599332144527 -1.5707963267949 0 0 0 0 0
2.91945983969961 -1.5707963267949 0 0 0 0 0
2.98292635795395 -1.5707963267949 0 0 0 0 0
3.04639287620828 -1.5707963267949 0 0 0 0 0
3.10985939446262 -1.5707963267949 0 0 0 0 0
3.17332591271696 -1.5707963267949 0 0 0 0 0
3.2367924309713 -1.5707963267949 0 0 0 0 0
3.30025894922564 -1.5707963267949 0 0 0 0 0
3.36372546747998 -1.5707963267949 0 0 0 0 0
3.42719198573432 -1.5707963267949 0 0 0 0 0
3.49065850398866 -1.5707963267949 0 0 0 0 0
3.554125022243 -1.5707963267949 0 0 0 0 0
3.61759154049734 -1.5707963267949 0 0 0 0 0
3.68105805875168 -1.5707963267949 0 0 0 0 0
3.74452457700602 -1.5707963267949 0 0 0 0 0
3.80799109526036 -1.5707963267949 0 0 0 0 0
3.87145761351469 -1.5707963267949 0 0 0 0 0
3.93492413176903 -1.5707963267949 0 0 0 0 0
3.99839065002337 -1.5707963267949 0 0 0 0 0
4.06185716827771 -1.5707963267949 0 0 0 0 0
4.12532368653205 -1.5707963267949 0 0 0 0 0
4.18879020478639 -1.5707963267949 0 0 0 0 0
4.25225672304073 -1.5707963267949 0 0 0 0 0
4.31572324129507 -1.5707963267949 0 0 0 0 0
4.37918975954941 -1.5707963267949 0 0 0 0 0
4.44265627780375 -1.5707963267949 0 0 0 0 0
4.50612279605809 -1.5707963267949 0 0 0 0 0
4.56958931431243 -1.5707963267949 0 0 0 0 0
4.63305583256677 -1.5707963267949 0 0 0 0 0
4.69652235082111 -1.5707963267949 0 0 0 0 0
4.75998886907544 -1.5707963267949 0 0 0 0 0
4.82345538732978 -1.5707963267949 0 0 0 0 0
4.88692190558412 -1.5707963267949 0 0 0 0 0
4.95038842383846 -1.5707963267949 0 0 0 0 0
5.0138549420928 -1.5707963267949 0 0 0 0 0
5.07732146034714 -1.5707963267949 0 0 0 0 0
5.14078797860148 -1.5707963267949 0 0 0 0 0
5.20425449685582 -1.5707963267949 0 0 0 0 0
5.26772101511016 -1.5707963267949 0 0 0 0 0
5.3311875333645 -1.5707963267949 0 0 0 0 0
5.39465405161884 -1.5707963267949 0 0 0 0 0
5.45812056987318 -1.5707963267949 0 0 0 0 0
5.52158708812751 -1.5707963267949 0 0 0 0 0
5.58505360638185 -1.5707963267949 0 0 0 0 0
5.64852012463619 -1.5707963267949 0 0 0 0 0
5.71198664289053 -1.5707963267949 0 0 0 0 0
5.77545316114487 -1.5707963267949 0 0 0 0 0
5.83891967939921 -1.5707963267949 0 0 0 0 0
5.90238619765355 -1.5707963267949 0 0 0 0 0
5.96585271590789 -1.5707963267949 0 0 0 0 0
6.02931923416223 -1.5707963267949 0 0 0 0 0
6.09278575241657 -1.5707963267949 0 0 0 0 0
6.15625227067091 -1.5707963267949 0 0 0 0 0
6.21971878892525 -1.5707963267949 0 0 0 0 0
6.28318530717959 -1.5707963267949 0 0 0 0 0
