0 -1.5707963267949 0 0 0 0 0
0.0634655081533292 -1.5707963267949 0 0 0 0 0
0.126931016306658 -1.5707963267949 0 0 0 0 0
0.190396524459987 -1.5707963267949 0 0 0 0 0
0.253862032613317 -1.5707963267949 0 0 0 0 0
0.317327540766646 -1.5707963267949 0 0 0 0 0
0.380793048919975 -1.5707963267949 0 0 0 0 0
0.444258557073304 -1.5707963267949 0 0 0 0 0
0.507724065226633 -1.5707963267949 0 0 0 0 0
0.571189573379962 -1.5707963267949 0 0 0 0 0
0.634655081533292 -1.5707963267949 0 0 0 0 0
0.698120589686621 -1.5707963267949 0 0 0 0 0
0.76158609783995 -1.5707963267949 0 0 0 0 0
0.825051605993279 -1.5707963267949 0 0 0 0 0
0.888517114146608 -1.5707963267949 0 0 0 0 0
0.951982622299937 -1.5707963267949 0 0 0 0 0
1.01544813045327 -1.5707963267949 0 0 0 0 0
1.0789136386066 -1.5707963267949 0 0 0 0 0
1.14237914675992 -1.5707963267949 0 0 0 0 0
1.20584465491325 -1.5707963267949 0 0 0 0 0
1.26931016306658 -1.5707963267949 0 0 0 0 0
1.33277567121991 -1.5707963267949 0 0 0 0 0
1.39624117937324 -1.5707963267949 0 0 0 0 0
1.45970668752657 -1.5707963267949 0 0 0 0 0
1.5231721956799 -1.5707963267949 0 0 0 0 0
1.58663770383323 -1.5707963267949 0 0 0 0 0
1.65010321198656 -1.5707963267949 0 0 0 0 0
1.71356872013989 -1.5707963267949 0 0 0 0 0
1.77703422829322 -1.5707963267949 0 0 0 0 0
1.84049973644655 -1.5707963267949 0 0 0 0 0
1.90396524459987 -1.5707963267949 0 0 0 0 0
1.9674307527532 -1.5707963267949 0 0 0 0 0
2.03089626090653 -1.5707963267949 0 0 0 0 0
2.09436176905986 -1.5707963267949 0 0 0 0 0
2.15782727721319 -1.5707963267949 0 0 0 0 0
2.22129278536652 -1.5707963267949 0 0 0 0 0
2.28475829351985 -1.5707963267949 0 0 0 0 0
2.34822380167318 -1.5707963267949 0 0 0 0 0
2.41168930982651 -1.5707963267949 0 0 0 0 0
2.47515481797984 -1.5707963267949 0 0 0 0 0
2.53862032613317 -1.5707963267949 0 0 0 0 0
2.6020858342865 -1.5707963267949 0 0 0 0 0
2.66555134243982 -1.5707963267949 0 0 0 0 0
2.72901685059315 -1.5707963267949 0 0 0 0 0
2.79248235874648 -1.5707963267949 0 0 0 0 0
2.85594786689981 -1.5707963267949 0 0 0 0 0
2.91941337505314 -1.5707963267949 0 0 0 0 0
2.98287888320647 -1.5707963267949 0 0 0 0 0
3.0463443913598 -1.5707963267949 0 0 0 0 0
3.10980989951313 -1.5707963267949 0 0 0 0 0
3.17327540766646 -1.5707963267949 0 0 0 0 0
3.23674091581979 -1.5707963267949 0 0 0 0 0
3.30020642397312 -1.5707963267949 0 0 0 0 0
3.36367193212645 -1.5707963267949 0 0 0 0 0
3.42713744027977 -1.5707963267949 0 0 0 0 0
3.4906029484331 -1.5707963267949 0 0 0 0 0
3.55406845658643 -1.5707963267949 0 0 0 0 0
3.61753396473976 -1.5707963267949 0 0 0 0 0
3.68099947289309 -1.5707963267949 0 0 0 0 0
3.74446498104642 -1.5707963267949 0 0 0 0 0
3.80793048919975 -1.5707963267949 0 0 0 0 0
3.87139599735308 -1.5707963267949 0 0 0 0 0
3.93486150550641 -1.5707963267949 0 0 0 0 0
3.99832701365974 -1.5707963267949 0 0 0 0 0
4.06179252181307 -1.5707963267949 0 0 0 0 0
4.1252580299664 -1.5707963267949 0 0 0 0 0
4.18872353811972 -1.5707963267949 0 0 0 0 0
4.25218904627305 -1.5707963267949 0 0 0 0 0
4.31565455442638 -1.5707963267949 0 0 0 0 0
4.37912006257971 -1.5707963267949 0 0 0 0 0
4.44258557073304 -1.5707963267949 0 0 0 0 0
4.50605107888637 -1.5707963267949 0 0 0 0 0
4.5695165870397 -1.5707963267949 0 0 0 0 0
4.63298209519303 -1.5707963267949 0 0 0 0 0
4.69644760334636 -1.5707963267949 0 0 0 0 0
4.75991311149969 -1.5707963267949 0 0 0 0 0
4.82337861965302 -1.5707963267949 0 0 0 0 0
4.88684412780635 -1.5707963267949 0 0 0 0 0
4.95030963595967 -1.5707963267949 0 0 0 0 0
5.013775144113 -1.5707963267949 0 0 0 0 0
5.07724065226633 -1.5707963267949 0 0 0 0 0
5.14070616041966 -1.5707963267949 0 0 0 0 0
5.20417166857299 -1.5707963267949 0 0 0 0 0
5.26763717672632 -1.5707963267949 0 0 0 0 0
5.33110268487965 -1.5707963267949 0 0 0 0 0
5.39456819303298 -1.5707963267949 0 0 0 0 0
5.45803370118631 -1.5707963267949 0 0 0 0 0
5.52149920933964 -1.5707963267949 0 0 0 0 0
5.58496471749297 -1.5707963267949 0 0 0 0 0
5.64843022564629 -1.5707963267949 0 0 0 0 0
5.71189573379962 -1.5707963267949 0 0 0 0 0
5.77536124195295 -1.5707963267949 0 0 0 0 0
5.83882675010628 -1.5707963267949 0 0 0 0 0
5.90229225825961 -1.5707963267949 0 0 0 0 0
5.96575776641294 -1.5707963267949 0 0 0 0 0
6.02922327456627 -1.5707963267949 0 0 0 0 0
6.0926887827196 -1.5707963267949 0 0 0 0 0
6.15615429087293 -1.5707963267949 0 0 0 0 0
6.21961979902626 -1.5707963267949 0 0 0 0 0
6.28308530717959 -1.5707963267949 0 0 0 0 0
